x = 4.74794
y = 44.73795
